"characteristics","off-reserve first nations","off-reserve first nations","metis","metis","inuit","inuit"
"characteristics","men","women","men","women","men","women"
"characteristics","percent","percent","percent","percent","percent","percent"
"self-reported-physician-diagnosed mood and/or anxiety disorders","","","","","",""
"no","12.7","17.4","10.8","13.7","19.4","19.2"
"yes","64.6","46.8","42.8","48.1","56.4","52.9"
"high self-worth","","","","","",""
"no","55.9","52.0","36.3","52.5","49.6","49.5"
"yes","16.0","18.4","11.7","15.7","17.3","16.5"
"drug use","","","","","",""
"no","12.0","20.2","10.0","18.4","17.6","21.8"
"yes","42.4","47.8","29.1","46.1","44.5","37.1"
"heavy, frequent drinking","","","","","",""
"no","21.9","25.3","14.6","22.8","20.4","22.3"
"yes","18.8","32.8","17.5","35.1","44.0","42.0"
"daily smoking","","","","","",""
"no","16.9","21.7","11.6","20.2","17.0","17.7"
"yes","31.2","33.4","21.3","30.7","28.0","28.7"
"excellent/very good self-reported health","","","","","",""
"no","31.2","33.2","18.5","34.5","26.7","29.1"
"yes","12.0","16.3","11.9","12.3","18.9","15.4"
"marital status","","","","","",""
"married/common-law","18.8","19.3","10.9","18.5","19.4","20.3"
"widowed/divorced/separated","27.5","38.0","22.8","36.1","42.6","31.9"
"single","25.4","29.2","23.3","26.7","26.1","28.0"
"personal/parent/grandparent history of residential school","","","","","",""
"no","16.9","18.9","9.9","20.4","20.1","18.7"
"yes","23.2","28.7","18.2","30.7","22.7","26.9"
"don't know/refusal/not stated","25.6","29.7","23.0","21.8","29.5","20.9"
"adjusted after-tax household income quintiles","","","","","",""
"first quintile","33.8","31.6","29.6","35.9","35.7","33.5"
"second quintile","20.7","35.3","20.7","31.5","20.5","23.1"
"third quintile","16.9","24.0","12.6","20.5","25.8","25.5"
"fourth quintile","19.1","18.2","13.1","15.2","22.8","19.4"
"fifth quintile","16.8","16.0","9.2","16.5","13.1","16.9"
"highest level of schooling","","","","","",""
"less than high school","23.1","31.9","20.6","24.7","23.3","20.7"
"high school","23.9","24.9","14.4","27.5","29.5","28.5"
"postsecondary education","18.4","24.2","13.2","20.9","19.0","25.0"
"remoteness","","","","","",""
"no","21.3","26.3","15.1","23.9","18.1","26.1"
"yes","22.6","21.4","13.6","20.1","24.4","23.1"
